000002
000172
000217
000231
000240
000249
000255
000257
000260
000261
000266
000268
000270
000275
000292
000321
000324
000325
000326
000332
000335
000337
000338
000366
000367
000371
000372
000377
000379
000385
000386
000394
000397
000398
000408
000421
000423
000425
000426
000450
000452
000453
000469
000471
000476
000477
000479
000486
000493
000504
000513
000518
000526
000539
000559
000572
000583
000590
000596
000597
000623
000629
000634
000635
000641
000645
000648
000656
000672
000673
000674
000683
000684
000689
000692
000695
000696
000706
000714
000720
000723
000731
000732
000733
000734
000738
000740
000741
000745
000746
000754
000755
000768
000770
000771
000776
000779
000781
000784
000785
000787
000788
000791
000794
000796
000797
000801
000802
000805
000806
000807
000811
000812
000815
000816
000821
000823
000836
000873
000876
000895
000898
000903
000904
000907
000908
000913
000914
000916
000919
000920
000938
000945
000949
000951
000953
000954
000955
000956
000959
000962
000966
000980
000981
000991
000992
001000
001005
001006
001007
001008
001009
001010
001012
001015
001020
001021
001025
001026
001027
001028
001029
001030
001031
001032
001033
001034
001035
001036
001037
001038
001039
001040
001041
001042
001044
001045
001046
001047
001048
001049
001050
001051
001052
001053
001055
001056
001057
001061
001062
001063
001064
001065
001066
001067
001068
001069
001070
001072
001073
001074
001075
001077
001078
001079
001080
001081
001082
001084
001085
001087
001091
001094
001095
001099
001101
001105
001106
001111
001113
001115
001116
001120
001121
001122
001124
001125
001127
001129
001130
001131
001136
001137
001138
001139
001143
001144
001145
001146
001148
001149
001150
001152
001153
001155
001156
001157
001158
001161
001163
001164
001166
001167
001168
001169
001170
001172
001173
001174
001175
001176
001178
001179
001181
001182
001183
001184
001185
001186
001187
001189
001190
001192
001193
001196
001197
001198
001199
001200
001214
001216
001217
001218
001219
001221
001227
001228
001229
001231
001232
001233
001234
001235
001236
001237
001238
001239
001240
001241
001245
001247
001251
001252
001253
001254
001255
001257
001258
001259
001261
001269
001271
001272
001274
001276
001279
001280
001281
001282
001283
001284
001287
001288
001289
001290
001293
001295
001297
001299
001303
001304
001305
001306
001307
001308
001311
001314
001316
001319
001320
001321
001322
001323
001326
001329
001330
001334
001335
001337
001338
001339
001340
001342
001343
001344
001345
001346
001347
001348
001349
001351
001354
001358
001359
001360
001361
001362
001364
001365
001366
001368
001369
001373
001374
001376
001377
001378
001379
001380
001381
001382
001383
001384
001385
001386
001391
001392
001393
001394
001395
001396
001397
001398
001399
001401
001402
001404
001409
001411
001412
001413
001415
