000217
000231
000240
000249
000255
000257
000260
000261
000266
000268
000270
000275
000291
000292
000321
000324
000325
000326
000332
000335
000337
000338
000366
000367
000370
000371
000372
000377
000379
000385
000386
000390
000394
000397
000398
000408
000421
000423
000425
000426
000450
000452
000453
000469
000471
000476
000477
000479
000486
000490
000493
000504
000513
000518
000526
000539
000559
000572
000583
000589
000590
000596
000597
000623
000629
000634
000635
000637
000641
000642
000645
000648
000656
000663
000672
000673
000674
000683
000684
000692
000695
000696
000706
000713
000714
000718
000720
000723
000730
000731
000732
000733
000734
000738
000740
000741
000745
000746
000749
000754
000755
000768
000770
000771
000776
000779
000780
000781
000784
000785
000787
000788
000791
000794
000796
000797
000801
000802
000805
000806
000807
000811
000812
000815
000816
001058
001318
001400